3
2
5
5
525
1
1
4
505
5
31
182
1
3
300
1
1
25
6
1
24
4
31
1
27
2
2
5
1
17
199
1
1
1
1
3
1
5
1
1
117
1
16
3
306
3
1
2
3
1
295
31
5
9
31
2
1
1
3
2
4
2
1
1
1
1
5
37
1
2
8
9
6
3
525
412
1
2
1
1
1
1
22
81
1
110
26
1
6
1
2
4
6
1
12
7
34
3
15
7
9
1
21
1
1
1
25
1
1
400
9
8
1
2
13
2
4
5
1
1
5
5
315
2
3
5
1
18
1
2
237
6
388
34
2
525
1
237
6
35
5
5
1
4
6
1
86
1
6
1
4
7
105
1
5
36
1
307
144
7
1
3
6
1
1
1
9
1
306
21
1
16
2
1
39
2
5
3
7
6
1
1
1
306
1
18
1
5
4
1
1
5
1
22
3
6
1
32
23
336
5
86
25
1
7
3
3
20
3
1
6
5
7
22
3
2
2
1
1
29
1
1
1
1
2
5
167
1
1
18
1
30
1
2
1
24
4
9
1
1
1
1
307
2
400
4
297
400
10
12
14
7
1
7
2
32
8
1
33
2
3197
7
2
25
1
1
22
2
1
36
21
1
1
2
17
2
2
1
1
4
1
2
38
1
34
24
1
31
1
7
2
1
34
4
1
2
1
8
1
6
3
1
1
68
1
8
31
2
3
31
24
2
38
1
5
4
2
1
15
1
2
1
1
1
1
1
3
18
1
2
3
5
1
59
1
3
7
2
4157
400
1
4
8
1
20
171
3
3
2
31
10
1
31
2
4
6
1
2
8
1
2
1
4
37
1
2
4
1
1
1
1
34
2
1
8
1
1
1
1
5
1
1
5
5
3
31
4
4
1
307
14
335
23
6
3
9
1
1
1
2
1
9
25
1
15
31
3
4
1
3
2
1
2
2
16
194
1
1
1
30
1
1
4
4
3
294
6
1
1
6
1
5
1
252
2
1
1
1
1
36
1
6
4
5
1
2
4
3
5
1
12
1
31
1
34
1
7
2
7
9
41
5289
4
2
1
3
1
1
1
408
1
10
5
1
1
11
5
4
16
4
1
3
1
18
5
32
3
1
2
31
28
6
1
1
1
34
6
1
9
2
4
1
5
5
34
4
29
1
3
8
1
1
6
3
400
1
1
221
404
2
7
31
2
1
8
33
2
1
1
2
9
1
1
2
4
2
2
6
1
525
1
1
9
525
1
2
474
26
2
1
1
5
3
2
21
164
4
6
1
1
1
1
5
25
28
2
6
1
2
6
2
1
25
31
2
7
21
2
1
1
4
1
35
1
1
2
8
1
6
6
8
1
4
1
